3
10
0 0 0 0 4 3 8 6 0 
0 0 0 0 0 0 0 0 0 
0 7 6 1 0 2 5 0 0 
3 8 0 0 0 0 0 0 0 
0 0 0 0 0 7 4 9 5 
5 4 9 0 1 0 7 0 0 
0 0 0 5 2 4 0 0 0 
0 0 8 6 7 1 3 0 4 
1 5 4 0 3 8 6 0 2 

2 9 5 7 4 3 8 6 1 
4 3 1 8 6 5 9 2 7 
8 7 6 1 9 2 5 4 3 
3 8 7 4 5 9 2 1 6 
6 1 2 3 8 7 4 9 5 
5 4 9 2 1 6 7 3 8 
7 6 3 5 2 4 1 8 9 
9 2 8 6 7 1 3 5 4 
1 5 4 9 3 8 6 7 2 

1 1 1 1 0 0 0 0 1 
1 1 1 1 1 1 1 1 1 
1 0 0 0 1 0 0 1 1 
0 0 1 1 1 1 1 1 1 
1 1 1 1 1 0 0 0 0 
0 0 0 1 0 1 0 1 1 
1 1 1 0 0 0 1 1 1 
1 1 0 0 0 0 0 1 0 
0 0 0 1 0 0 0 1 0 
